3,2
3,1
3,3
10,164
10,224
10,24
10,130
10,236
10,270
10,158
11,8
11,16
11,18
11,10
9,7
9,6
9,4
8,14
8,4
8,10
8,16
8,13
53,5
53,4
53,3
53,2
53,1
53,0
50,4
50,3
50,2
50,1
50,0
48,4
48,3
48,2
48,1
48,0
47,3
47,2
47,1
47,0
46,4
46,3
46,2
46,1
46,0
45,3
45,2
45,1
45,0
44,5
44,4
44,3
44,2
44,1
44,0
42,28
42,27
42,26
42,25
42,24
42,23
42,22
42,21
42,20
42,19
42,18
42,17
42,16
42,15
42,14
42,13
42,12
42,11
42,10
42,9
42,8
42,7
42,6
42,5
42,4
42,3
42,2
42,1
42,0
41,4
41,3
41,2
41,1
41,0
40,4
40,3
40,2
40,1
40,0
20,3
20,2
14,1
20,1
19,3
14,3
19,2
13,1
19,1
13,3
18,3
18,1
12,3
12,2
12,1
11,29
11,28
11,27
11,26
11,25
11,24
11,23
11,22
11,21
11,20
11,19
11,15
